wally_014.jpg 0 0.315242 0.3915 0.406467 0.537 
wally_042.jpg 0 0.588 0.536481 0.364 0.33691 
wally_085.jpg 0 0.793 0.863636 0.412 0.270537 
wally_088.jpg 0 0.65099 0.7095 0.428218 0.329 
wally_036.jpg 0 0.835177 0.6955 0.25885 0.181 
wally_053.jpg 0 0.3275 0.127004 0.345 0.254007 
wally_009.jpg 0 0.642 0.517223 0.506 0.580194 
wally_073.jpg 0 0.178082 0.101 0.356164 0.202 
wally_087.jpg 0 0.59611 0.503 0.672769 0.434 
wally_049.jpg 0 0.6215 0.408967 0.617 0.478261 
wally_044.jpg 0 0.2625 0.163647 0.453 0.327295 
wally_023.jpg 0 0.512295 0.497 0.60929 0.466 
wally_133.jpg 0 0.484589 0.7015 0.498858 0.301 
wally_043.jpg 0 0.227 0.578125 0.332 0.419643 
wally_074.jpg 0 0.167127 0.4425 0.334254 0.145 
wally_012.jpg 0 0.1045 0.180642 0.209 0.361284 
wally_054.jpg 0 0.7125 0.447668 0.227 0.39171 
wally_091.jpg 0 0.22807 0.874 0.45614 0.25 
wally_115.jpg 0 0.394 0.693593 0.472 0.512535 
wally_035.jpg 0 0.7295 0.42371 0.423 0.289791 
wally_027.jpg 0 0.826851 0.082 0.343789 0.164 
wally_121.jpg 0 0.379902 0.517 0.306373 0.328 
wally_126.jpg 0 0.360887 0.821 0.461022 0.32 
wally_033.jpg 0 0.523159 0.3425 0.516627 0.409 
wally_013.jpg 0 0.7685 0.544118 0.263 0.415966 
wally_113.jpg 0 0.678244 0.345 0.410223 0.186 
wally_064.jpg 0 0.281579 0.385 0.376316 0.232 
wally_019.jpg 0 0.236 0.296711 0.204 0.411842 
wally_104.jpg 0 0.377953 0.302 0.412073 0.358 
wally_032.jpg 0 0.28359 0.5175 0.507709 0.495 
wally_003.jpg 0 0.615894 0.9125 0.381457 0.173 
wally_024.jpg 0 0.605 0.487248 0.48 0.357047 
wally_048.jpg 0 0.1965 0.586145 0.333 0.331325 
wally_124.jpg 0 0.6 0.172 0.255901 0.344 
wally_011.jpg 0 0.64654 0.4615 0.595658 0.301 
wally_096.jpg 0 0.70267 0.202 0.293689 0.404 
wally_129.jpg 0 0.773438 0.341 0.390625 0.24 
wally_120.jpg 0 0.777778 0.5755 0.442266 0.305 
wally_072.jpg 0 0.5135 0.748963 0.195 0.167358 
wally_065.jpg 0 0.730817 0.475 0.303218 0.374 
wally_099.jpg 0 0.4 0.419412 0.37 0.568235 
wally_059.jpg 0 0.495711 0.5575 0.307598 0.293 
wally_101.jpg 0 0.606426 0.8685 0.437751 0.261 
wally_083.jpg 0 0.3125 0.296375 0.555 0.592751 
wally_144.jpg 0 0.19759 0.0985 0.395181 0.197 
wally_119.jpg 0 0.319582 0.7695 0.333333 0.219 
wally_052.jpg 0 0.232984 0.8925 0.465969 0.213 
wally_080.jpg 0 0.802604 0.886 0.392708 0.226 
wally_061.jpg 0 0.623005 0.563 0.1875 0.218 
wally_127.jpg 0 0.213863 0.8905 0.427725 0.217 
wally_075.jpg 0 0.8895 0.190776 0.219 0.381551 
wally_098.jpg 0 0.78 0.150229 0.438 0.300459 
wally_040.jpg 0 0.770727 0.8325 0.28045 0.333 
wally_138.jpg 0 0.582933 0.1985 0.336538 0.397 
wally_081.jpg 0 0.497 0.420561 0.376 0.567757 
wally_086.jpg 0 0.580588 0.498 0.455294 0.392 
wally_125.jpg 0 0.404 0.773677 0.41 0.449861 
wally_047.jpg 0 0.676471 0.6815 0.616368 0.521 
wally_037.jpg 0 0.634572 0.716 0.431306 0.386 
wally_132.jpg 0 0.533 0.521902 0.494 0.693376 
wally_001.jpg 0 0.7245 0.594937 0.383 0.531646 
wally_067.jpg 0 0.5115 0.273973 0.291 0.246575 
wally_029.jpg 0 0.5955 0.6242 0.337 0.361407 
wally_002.jpg 0 0.180101 0.913 0.360202 0.172 
wally_031.jpg 0 0.272848 0.1895 0.301987 0.379 
wally_117.jpg 0 0.6955 0.546081 0.279 0.335805 
wally_134.jpg 0 0.582584 0.6475 0.347191 0.199 
wally_097.jpg 0 0.5805 0.328688 0.283 0.445993 
wally_116.jpg 0 0.6865 0.556312 0.449 0.42698 
wally_108.jpg 0 0.2775 0.695545 0.395 0.465347 
wally_148.jpg 0 0.5045 0.264 0.229 0.132 
wally_028.jpg 0 0.368102 0.409 0.289367 0.244 
wally_082.jpg 0 0.753061 0.261 0.491837 0.29 
wally_094.jpg 0 0.349046 0.2405 0.478114 0.369 
wally_140.jpg 0 0.288 0.388889 0.16 0.291667 
wally_020.jpg 0 0.1955 0.16205 0.391 0.3241 
wally_123.jpg 0 0.487315 0.2895 0.236786 0.313 
wally_066.jpg 0 0.6545 0.517103 0.485 0.28169 
wally_135.jpg 0 0.384 0.836517 0.482 0.324719 
