wally_000.jpg 0,0.557,0.787,0.25,0.297
wally_001.jpg 0,0.725,0.595,0.383,0.532
wally_002.jpg 0,0.18,0.913,0.36,0.172
wally_003.jpg 0,0.616,0.912,0.381,0.173
wally_006.jpg 0,0.557,0.548,0.37,0.375
wally_009.jpg 0,0.642,0.517,0.506,0.58
wally_012.jpg 0,0.104,0.181,0.209,0.361
wally_013.jpg 0,0.768,0.544,0.263,0.416
wally_014.jpg 0,0.315,0.392,0.406,0.537
wally_015.jpg 0,0.297,0.618,0.354,0.389
wally_017.jpg 0,0.355,0.661,0.51,0.476
wally_018.jpg 0,0.568,0.732,0.374,0.206
wally_019.jpg 0,0.236,0.297,0.204,0.412
wally_020.jpg 0,0.196,0.162,0.391,0.324
wally_023.jpg 0,0.512,0.497,0.609,0.466
wally_024.jpg 0,0.605,0.487,0.48,0.357
wally_026.jpg 0,0.406,0.745,0.456,0.347
wally_027.jpg 0,0.827,0.082,0.344,0.164
wally_028.jpg 0,0.368,0.409,0.289,0.244
wally_029.jpg 0,0.596,0.624,0.337,0.361
wally_030.jpg 0,0.708,0.517,0.274,0.341
wally_031.jpg 0,0.273,0.19,0.302,0.379
wally_033.jpg 0,0.523,0.343,0.517,0.409
wally_034.jpg 0,0.098,0.303,0.195,0.39
wally_035.jpg 0,0.73,0.424,0.423,0.29
wally_036.jpg 0,0.835,0.696,0.259,0.181
wally_037.jpg 0,0.635,0.716,0.431,0.386
wally_038.jpg 0,0.813,0.894,0.371,0.193
wally_039.jpg 0,0.515,0.761,0.438,0.413
wally_040.jpg 0,0.771,0.833,0.28,0.333
wally_011.jpg 0,0.647,0.462,0.596,0.301
wally_022.jpg 0,0.633,0.829,0.275,0.34
wally_032.jpg 0,0.284,0.517,0.508,0.495
wally_042.jpg 0,0.588,0.536,0.364,0.337
wally_052.jpg 0,0.233,0.893,0.466,0.213
wally_065.jpg 0,0.731,0.475,0.303,0.374
wally_098.jpg 0,0.78,0.15,0.438,0.3
wally_110.jpg 0,0.367,0.693,0.309,0.253
wally_123.jpg 0,0.487,0.289,0.237,0.313
wally_134.jpg 0,0.583,0.647,0.347,0.199
wally_043.jpg 0,0.227,0.578,0.332,0.42
wally_044.jpg 0,0.263,0.164,0.453,0.327
wally_046.jpg 0,0.794,0.793,0.41,0.34
wally_047.jpg 0,0.676,0.681,0.616,0.521
wally_048.jpg 0,0.197,0.586,0.333,0.331
wally_049.jpg 0,0.622,0.409,0.617,0.478
wally_050.jpg 0,0.6,0.833,0.201,0.305
wally_053.jpg 0,0.328,0.127,0.345,0.254
wally_054.jpg 0,0.713,0.448,0.227,0.392
wally_055.jpg 0,0.818,0.216,0.362,0.432
wally_056.jpg 0,0.892,0.766,0.215,0.465
wally_059.jpg 0,0.496,0.557,0.308,0.293
wally_060.jpg 0,0.675,0.695,0.294,0.488
wally_061.jpg 0,0.623,0.563,0.188,0.218
wally_064.jpg 0,0.282,0.385,0.376,0.232
wally_066.jpg 0,0.654,0.517,0.485,0.282
wally_067.jpg 0,0.512,0.274,0.291,0.247
wally_069.jpg 0,0.487,0.314,0.299,0.312
wally_072.jpg 0,0.513,0.749,0.195,0.167
wally_073.jpg 0,0.178,0.101,0.356,0.202
wally_074.jpg 0,0.167,0.443,0.334,0.145
wally_075.jpg 0,0.89,0.191,0.219,0.382
wally_080.jpg 0,0.803,0.886,0.393,0.226
wally_081.jpg 0,0.497,0.421,0.376,0.568
wally_082.jpg 0,0.753,0.261,0.492,0.29
wally_083.jpg 0,0.312,0.296,0.555,0.593
wally_085.jpg 0,0.793,0.864,0.412,0.271
wally_086.jpg 0,0.581,0.498,0.455,0.392
wally_087.jpg 0,0.596,0.503,0.673,0.434
wally_088.jpg 0,0.651,0.71,0.428,0.329
wally_090.jpg 0,0.314,0.514,0.3,0.628
wally_091.jpg 0,0.228,0.874,0.456,0.25
wally_092.jpg 0,0.38,0.171,0.156,0.342
wally_093.jpg 0,0.455,0.229,0.552,0.324
wally_094.jpg 0,0.349,0.24,0.478,0.369
wally_095.jpg 0,0.515,0.34,0.173,0.306
wally_096.jpg 0,0.703,0.202,0.294,0.404
wally_097.jpg 0,0.581,0.329,0.283,0.446
wally_099.jpg 0,0.4,0.419,0.37,0.568
wally_101.jpg 0,0.606,0.869,0.438,0.261
wally_102.jpg 0,0.416,0.212,0.237,0.304
wally_104.jpg 0,0.378,0.302,0.412,0.358
wally_106.jpg 0,0.578,0.233,0.417,0.428
wally_107.jpg 0,0.388,0.308,0.339,0.295
wally_108.jpg 0,0.278,0.696,0.395,0.465
wally_113.jpg 0,0.678,0.345,0.41,0.186
wally_115.jpg 0,0.394,0.694,0.472,0.513
wally_116.jpg 0,0.686,0.556,0.449,0.427
wally_117.jpg 0,0.696,0.546,0.279,0.336
wally_119.jpg 0,0.32,0.769,0.333,0.219
wally_120.jpg 0,0.778,0.576,0.442,0.305
wally_121.jpg 0,0.38,0.517,0.306,0.328
wally_122.jpg 0,0.482,0.822,0.408,0.29
wally_124.jpg 0,0.6,0.172,0.256,0.344
wally_125.jpg 0,0.404,0.774,0.41,0.45
wally_126.jpg 0,0.361,0.821,0.461,0.32
wally_127.jpg 0,0.214,0.891,0.428,0.217
wally_129.jpg 0,0.773,0.341,0.391,0.24
wally_131.jpg 0,0.83,0.239,0.338,0.202
wally_132.jpg 0,0.533,0.522,0.494,0.693
wally_133.jpg 0,0.485,0.702,0.499,0.301
wally_135.jpg 0,0.384,0.837,0.482,0.325
wally_136.jpg 0,0.374,0.888,0.353,0.223
wally_137.jpg 0,0.591,0.83,0.249,0.259
wally_138.jpg 0,0.583,0.199,0.337,0.397
wally_140.jpg 0,0.288,0.389,0.16,0.292
wally_142.jpg 0,0.365,0.309,0.731,0.563
wally_143.jpg 0,0.192,0.223,0.21,0.256
wally_144.jpg 0,0.198,0.099,0.395,0.197
wally_146.jpg 0,0.502,0.342,0.46,0.451
wally_147.jpg 0,0.657,0.781,0.346,0.394
wally_148.jpg 0,0.505,0.264,0.229,0.132
