wally_019.jpg 1 67 34 102 156
wally_073.jpg 1 0 0 169 101
wally_055.jpg 1 228 0 129 216
wally_012.jpg 1 0 0 104 174
wally_138.jpg 1 172 0 140 198
wally_122.jpg 1 121 338 178 145
wally_009.jpg 1 194 105 253 269
wally_066.jpg 1 206 187 242 140
wally_131.jpg 1 329 69 168 101
wally_096.jpg 1 229 0 121 202
wally_020.jpg 1 0 0 195 117
wally_092.jpg 1 151 0 78 130
wally_059.jpg 1 139 205 125 146
wally_040.jpg 1 308 333 137 166
wally_001.jpg 1 266 130 191 210
wally_017.jpg 1 47 211 242 238
wally_085.jpg 1 293 332 206 123
wally_126.jpg 1 48 330 171 160
wally_042.jpg 1 203 171 182 157
wally_053.jpg 1 77 0 172 103
wally_035.jpg 1 259 127 211 132
wally_110.jpg 1 106 271 154 121
wally_074.jpg 1 0 185 121 72
wally_043.jpg 1 30 165 166 188
wally_002.jpg 1 0 413 143 86
wally_081.jpg 1 154 58 188 243
wally_046.jpg 1 294 225 205 123
wally_115.jpg 1 79 157 236 184
wally_018.jpg 1 165 314 162 103
wally_143.jpg 1 43 38 105 102
wally_080.jpg 1 291 386 188 113
wally_015.jpg 1 56 211 166 194
wally_098.jpg 1 280 0 219 131
wally_090.jpg 1 82 79 150 249
wally_144.jpg 1 0 0 164 98
wally_097.jpg 1 219 45 141 192
wally_028.jpg 1 83 143 107 122
wally_036.jpg 1 319 302 117 90
wally_024.jpg 1 182 115 240 133
wally_132.jpg 1 143 82 247 324
wally_056.jpg 1 392 206 107 179
wally_089.jpg 1 210 154 85 101
wally_094.jpg 1 49 28 213 184
wally_048.jpg 1 15 174 166 137
wally_120.jpg 1 255 211 203 152
wally_027.jpg 1 261 0 137 82
wally_095.jpg 1 210 93 85 153
wally_014.jpg 1 48 61 176 268
wally_087.jpg 1 113 143 294 217
wally_134.jpg 1 182 274 154 99
wally_050.jpg 1 249 292 100 131
wally_137.jpg 1 211 350 113 129
wally_072.jpg 1 208 240 97 60
wally_031.jpg 1 46 0 114 189
wally_023.jpg 1 76 132 223 233
wally_124.jpg 1 190 0 103 172
wally_101.jpg 1 193 369 218 130
wally_038.jpg 1 272 398 161 96
wally_106.jpg 1 184 8 208 188
wally_044.jpg 1 18 0 226 135
wally_119.jpg 1 69 330 151 109
wally_086.jpg 1 150 151 193 196
wally_064.jpg 1 35 134 143 116
wally_135.jpg 1 71 300 241 144
wally_075.jpg 1 390 0 109 182
wally_146.jpg 1 130 58 221 225
wally_060.jpg 1 235 225 131 244
wally_065.jpg 1 234 144 122 187
wally_116.jpg 1 231 138 224 172
wally_127.jpg 1 0 391 180 108
wally_104.jpg 1 65 61 157 179
wally_052.jpg 1 0 393 178 106
wally_006.jpg 1 140 180 140 187
wally_049.jpg 1 156 62 308 176
wally_140.jpg 1 104 87 80 105
wally_083.jpg 1 17 0 277 278
wally_123.jpg 1 174 66 112 156
wally_121.jpg 1 92 176 125 164
wally_107.jpg 1 84 80 130 147
wally_108.jpg 1 40 187 197 188
wally_037.jpg 1 186 261 191 193
wally_033.jpg 1 111 69 217 204
wally_125.jpg 1 99 197 205 161
wally_026.jpg 1 82 285 210 173
wally_091.jpg 1 0 374 208 125
wally_102.jpg 1 138 30 110 152
wally_061.jpg 1 199 227 70 109
wally_129.jpg 1 222 110 150 120
wally_147.jpg 1 193 292 138 197
wally_013.jpg 1 318 120 131 148
wally_032.jpg 1 13 135 230 247
wally_039.jpg 1 120 277 177 206
wally_117.jpg 1 278 178 139 158
wally_148.jpg 1 195 99 114 66
wally_034.jpg 1 0 45 97 163
wally_082.jpg 1 248 58 241 145
wally_003.jpg 1 160 413 144 86
wally_142.jpg 1 0 14 301 281
wally_136.jpg 1 99 369 176 106
wally_069.jpg 1 164 79 146 156
wally_088.jpg 1 176 272 173 164
wally_067.jpg 1 183 66 145 108
wally_133.jpg 1 103 275 218 150
wally_093.jpg 1 86 33 265 162
wally_000.jpg 1 216 233 125 108
wally_099.jpg 1 107 57 185 241
wally_022.jpg 1 184 329 102 170
wally_113.jpg 1 180 126 156 93
wally_030.jpg 1 285 137 137 134
wally_047.jpg 1 144 210 241 260
wally_054.jpg 1 299 121 113 189
wally_029.jpg 1 213 208 168 169
wally_011.jpg 1 128 155 219 150

