wally_019.jpg 1 67 34 102 156
wally_073.jpg 1 0 0 169 101
wally_055.jpg 1 228 0 129 216
wally_012.jpg 1 0 0 104 174
wally_138.jpg 1 172 0 140 198
wally_122.jpg 1 121 338 178 145
wally_009.jpg 1 194 105 253 269
wally_066.jpg 1 206 187 242 140
wally_131.jpg 1 329 69 168 101
wally_096.jpg 1 229 0 121 202
wally_020.jpg 1 0 0 195 117
wally_092.jpg 1 151 0 78 130
wally_059.jpg 1 139 205 125 146
wally_040.jpg 1 308 333 137 166
wally_001.jpg 1 266 130 191 210
wally_017.jpg 1 47 211 242 238
wally_085.jpg 1 293 332 206 123
wally_126.jpg 1 48 330 171 160
wally_042.jpg 1 203 171 182 157
wally_053.jpg 1 77 0 172 103
wally_035.jpg 1 259 127 211 132
wally_110.jpg 1 106 271 154 121
wally_074.jpg 1 0 185 121 72
wally_043.jpg 1 30 165 166 188
wally_002.jpg 1 0 413 143 86
wally_081.jpg 1 154 58 188 243
wally_046.jpg 1 294 225 205 123
wally_115.jpg 1 79 157 236 184
wally_018.jpg 1 165 314 162 103
wally_143.jpg 1 43 38 105 102
wally_080.jpg 1 291 386 188 113
wally_015.jpg 1 56 211 166 194
wally_098.jpg 1 280 0 219 131
wally_090.jpg 1 82 79 150 249
wally_144.jpg 1 0 0 164 98
wally_097.jpg 1 219 45 141 192
wally_028.jpg 1 83 143 107 122
wally_036.jpg 1 319 302 117 90
wally_024.jpg 1 182 115 240 133
wally_132.jpg 1 143 82 247 324
wally_056.jpg 1 392 206 107 179
wally_089.jpg 1 210 154 85 101
wally_094.jpg 1 49 28 213 184
wally_048.jpg 1 15 174 166 137
wally_120.jpg 1 255 211 203 152
wally_027.jpg 1 261 0 137 82
wally_095.jpg 1 210 93 85 153
wally_014.jpg 1 48 61 176 268
wally_087.jpg 1 113 143 294 217
wally_134.jpg 1 182 274 154 99
wally_050.jpg 1 249 292 100 131
wally_137.jpg 1 211 350 113 129
wally_072.jpg 1 208 240 97 60
wally_031.jpg 1 46 0 114 189
wally_023.jpg 1 76 132 223 233
wally_124.jpg 1 190 0 103 172
wally_101.jpg 1 193 369 218 130
wally_038.jpg 1 272 398 161 96
wally_106.jpg 1 184 8 208 188
wally_044.jpg 1 18 0 226 135
wally_119.jpg 1 69 330 151 109
wally_086.jpg 1 150 151 193 196
wally_064.jpg 1 35 134 143 116
wally_135.jpg 1 71 300 241 144
wally_075.jpg 1 390 0 109 182
wally_146.jpg 1 130 58 221 225
wally_060.jpg 1 235 225 131 244
wally_065.jpg 1 234 144 122 187
wally_116.jpg 1 231 138 224 172
wally_127.jpg 1 0 391 180 108
wally_104.jpg 1 65 61 157 179
wally_052.jpg 1 0 393 178 106
wally_006.jpg 1 140 180 140 187
wally_049.jpg 1 156 62 308 176
wally_140.jpg 1 104 87 80 105
wally_083.jpg 1 17 0 277 278
wally_123.jpg 1 174 66 112 156
wally_121.jpg 1 92 176 125 164
wally_107.jpg 1 84 80 130 147
wally_108.jpg 1 40 187 197 188
wally_037.jpg 1 186 261 191 193
wally_033.jpg 1 111 69 217 204
wally_125.jpg 1 99 197 205 161
wally_026.jpg 1 82 285 210 173
wally_091.jpg 1 0 374 208 125
wally_102.jpg 1 138 30 110 152
wally_061.jpg 1 199 227 70 109
wally_129.jpg 1 222 110 150 120
wally_147.jpg 1 193 292 138 197
wally_013.jpg 1 318 120 131 148
wally_032.jpg 1 13 135 230 247
wally_039.jpg 1 120 277 177 206
wally_117.jpg 1 278 178 139 158
wally_148.jpg 1 195 99 114 66
wally_034.jpg 1 0 45 97 163
wally_082.jpg 1 248 58 241 145
wally_003.jpg 1 160 413 144 86
wally_142.jpg 1 0 14 301 281
wally_136.jpg 1 99 369 176 106
wally_069.jpg 1 164 79 146 156
wally_088.jpg 1 176 272 173 164
wally_067.jpg 1 183 66 145 108
wally_133.jpg 1 103 275 218 150
wally_093.jpg 1 86 33 265 162
wally_000.jpg 1 216 233 125 108
wally_099.jpg 1 107 57 185 241
wally_022.jpg 1 184 329 102 170
wally_113.jpg 1 180 126 156 93
wally_030.jpg 1 285 137 137 134
wally_047.jpg 1 144 210 241 260
wally_054.jpg 1 299 121 113 189
wally_029.jpg 1 213 208 168 169
wally_011.jpg 1 128 155 219 150

0001_0092_0814_0082_0082.jpg 1 92 814 82 82
0002_0534_0619_0081_0081.jpg 1 534 619 81 81
0003_0313_0135_0475_0475.jpg 1 313 135 475 475
0004_0192_0429_0368_0368.jpg 1 192 429 368 368
0005_0191_0064_0559_0559.jpg 1 191 64 559 559
0006_0163_0409_0437_0437.jpg 1 163 409 437 437
0007_0406_0312_0148_0148.jpg 1 406 312 148 148
0008_0279_0328_0616_0616.jpg 1 279 328 616 616
0009_0148_0650_0196_0196.jpg 1 148 650 196 196
0010_0413_0537_0142_0142.jpg 1 413 537 142 142
0011_0364_0037_0544_0544.jpg 1 364 37 544 544
0012_0678_0446_0215_0215.jpg 1 678 446 215 215
0013_0178_0371_0314_0314.jpg 1 178 371 314 314
0014_0303_0387_0410_0410.jpg 1 303 387 410 410
0015_0280_0210_0383_0383.jpg 1 280 210 383 383
0016_0171_0591_0311_0311.jpg 1 171 591 311 311
0017_0478_0320_0237_0237.jpg 1 478 320 237 237
0018_0138_0109_0562_0562.jpg 1 138 109 562 562
0019_0190_0140_0586_0586.jpg 1 190 140 586 586
0020_0195_0531_0255_0255.jpg 1 195 531 255 255
0021_0656_0556_0159_0159.jpg 1 656 556 159 159
0022_0360_0216_0044_0044.jpg 1 360 216 44 44
0023_0057_0085_0186_0186.jpg 1 57 85 186 186
0024_0591_0345_0242_0242.jpg 1 591 345 242 242
0025_0256_0163_0358_0358.jpg 1 256 163 358 358
0026_0457_0136_0194_0194.jpg 1 457 136 194 194
0027_0092_0111_0562_0562.jpg 1 92 111 562 562
0028_0068_0198_0426_0426.jpg 1 68 198 426 426
0029_0209_0355_0364_0364.jpg 1 209 355 364 364
0030_0252_0079_0481_0481.jpg 1 252 79 481 481
0031_0306_0110_0161_0161.jpg 1 306 110 161 161
0032_0253_0224_0315_0315.jpg 1 253 224 315 315
0033_0151_0224_0353_0353.jpg 1 151 224 353 353
0034_0077_0515_0326_0326.jpg 1 77 515 326 326
0035_0635_0342_0033_0033.jpg 1 635 342 33 33
0036_0061_0284_0594_0594.jpg 1 61 284 594 594
0037_0359_0466_0350_0350.jpg 1 359 466 350 350
0038_0097_0177_0386_0386.jpg 1 97 177 386 386
0039_0070_0223_0561_0561.jpg 1 70 223 561 561
0040_0124_0063_0488_0488.jpg 1 124 63 488 488
0041_0205_0438_0381_0381.jpg 1 205 438 381 381
0042_0223_0109_0536_0536.jpg 1 223 109 536 536
0043_0124_0134_0508_0508.jpg 1 124 134 508 508
0044_0409_0173_0532_0532.jpg 1 409 173 532 532
0045_0157_0125_0211_0211.jpg 1 157 125 211 211
0046_0617_0317_0057_0057.jpg 1 617 317 57 57
0047_0092_0058_0531_0531.jpg 1 92 58 531 531
0048_0370_0162_0272_0272.jpg 1 370 162 272 272
0049_0102_0141_0627_0627.jpg 1 102 141 627 627
0050_0460_0134_0388_0388.jpg 1 460 134 388 388
0051_0217_0094_0553_0553.jpg 1 217 94 553 553
0052_0248_0483_0445_0445.jpg 1 248 483 445 445
0053_0162_0474_0061_0061.jpg 1 162 474 61 61
0054_0532_0499_0218_0218.jpg 1 532 499 218 218
0055_0228_0153_0551_0551.jpg 1 228 153 551 551
0056_0249_0445_0073_0073.jpg 1 249 445 73 73
0057_0060_0086_0485_0485.jpg 1 60 86 485 485
0058_0101_0068_0371_0371.jpg 1 101 68 371 371
0059_0579_0438_0056_0056.jpg 1 579 438 56 56
0060_0040_0305_0624_0624.jpg 1 40 305 624 624
0061_0050_0232_0427_0427.jpg 1 50 232 427 427
0062_0635_0108_0158_0158.jpg 1 635 108 158 158
0063_0279_0097_0549_0549.jpg 1 279 97 549 549
0064_0105_0123_0596_0596.jpg 1 105 123 596 596
0065_0506_0189_0412_0412.jpg 1 506 189 412 412
0066_0477_0169_0141_0141.jpg 1 477 169 141 141
0067_0420_0514_0055_0055.jpg 1 420 514 55 55
0068_0389_0555_0127_0127.jpg 1 389 555 127 127
0069_0089_0105_0592_0592.jpg 1 89 105 592 592
0070_0206_0056_0620_0620.jpg 1 206 56 620 620
0071_0261_0309_0529_0529.jpg 1 261 309 529 529
0072_0065_0151_0566_0566.jpg 1 65 151 566 566
0073_0400_0201_0090_0090.jpg 1 400 201 90 90
0074_0461_0399_0169_0169.jpg 1 461 399 169 169
0075_0211_0246_0303_0303.jpg 1 211 246 303 303
0076_0339_0079_0232_0232.jpg 1 339 79 232 232
0077_0066_0443_0470_0470.jpg 1 66 443 470 470
0078_0238_0758_0151_0151.jpg 1 238 758 151 151
0079_0163_0223_0639_0639.jpg 1 163 223 639 639
0080_0325_0263_0148_0148.jpg 1 325 263 148 148
0081_0334_0136_0415_0415.jpg 1 334 136 415 415
0082_0066_0018_0558_0558.jpg 1 66 18 558 558
0083_0364_0337_0311_0311.jpg 1 364 337 311 311
0084_0557_0677_0143_0143.jpg 1 557 677 143 143
0085_0300_0701_0037_0037.jpg 1 300 701 37 37
0086_0093_0124_0419_0419.jpg 1 93 124 419 419
0087_0325_0220_0290_0290.jpg 1 325 220 290 290
0088_0164_0614_0210_0210.jpg 1 164 614 210 210
0089_0106_0489_0319_0319.jpg 1 106 489 319 319
0090_0112_0401_0454_0454.jpg 1 112 401 454 454
0091_0490_0076_0267_0267.jpg 1 490 76 267 267
0092_0407_0321_0320_0320.jpg 1 407 321 320 320
0093_0182_0193_0437_0437.jpg 1 182 193 437 437
0094_0482_0140_0185_0185.jpg 1 482 140 185 185
0095_0260_0299_0451_0451.jpg 1 260 299 451 451
0096_0287_0076_0485_0485.jpg 1 287 76 485 485
0097_0235_0255_0126_0126.jpg 1 235 255 126 126
0098_0112_0625_0199_0199.jpg 1 112 625 199 199
0099_0136_0347_0151_0151.jpg 1 136 347 151 151
0100_0186_0484_0331_0331.jpg 1 186 484 331 331
0101_0321_0091_0621_0621.jpg 1 321 91 621 621
0102_0469_0500_0177_0177.jpg 1 469 500 177 177
0103_0138_0121_0332_0332.jpg 1 138 121 332 332
0104_0470_0308_0120_0120.jpg 1 470 308 120 120
0105_0373_0076_0577_0577.jpg 1 373 76 577 577
0106_0208_0344_0595_0595.jpg 1 208 344 595 595
0107_0277_0499_0339_0339.jpg 1 277 499 339 339
0108_0572_0131_0076_0076.jpg 1 572 131 76 76
0109_0023_0254_0629_0629.jpg 1 23 254 629 629
0110_0362_0479_0052_0052.jpg 1 362 479 52 52
0111_0047_0102_0540_0540.jpg 1 47 102 540 540
0112_0166_0098_0470_0470.jpg 1 166 98 470 470
0113_0304_0660_0096_0096.jpg 1 304 660 96 96
